4.2610e+00
4.2610e+00
4.7165e+00
5.1720e+00
5.6275e+00
6.0830e+00
6.5385e+00
6.9940e+00
7.4495e+00
7.9050e+00
8.3605e+00
8.8161e+00
9.2716e+00
9.7271e+00
1.0183e+01
1.0638e+01
1.1094e+01
1.1549e+01
1.2005e+01
1.2460e+01
1.2916e+01
1.3371e+01
1.3827e+01
1.4282e+01
1.4738e+01
1.5193e+01
1.5649e+01
1.6104e+01
1.6560e+01
1.7015e+01
1.7471e+01
1.7926e+01
1.8382e+01
1.8837e+01
1.9293e+01
1.9748e+01
2.0204e+01
2.0659e+01
2.1115e+01
2.1570e+01
2.2026e+01
2.2481e+01
2.2937e+01
2.3392e+01
2.3848e+01
2.4303e+01
2.4759e+01
2.5214e+01
2.5670e+01
2.6125e+01
2.6581e+01
2.7036e+01
2.7492e+01
2.7947e+01
2.8403e+01
2.8858e+01
2.9314e+01
2.9769e+01
3.0225e+01
3.0680e+01
3.1136e+01
3.1591e+01
3.2047e+01
3.2502e+01
3.2958e+01
3.3413e+01
3.3869e+01
3.4324e+01
3.4780e+01
3.5235e+01
3.5691e+01
3.6146e+01
3.6602e+01
3.7057e+01
3.7513e+01
3.7968e+01
3.8424e+01
3.8879e+01
3.9335e+01
3.9790e+01
4.0246e+01
4.0701e+01
4.1157e+01
4.1612e+01
4.2068e+01
4.2523e+01
4.2979e+01
4.3434e+01
4.3890e+01
4.4345e+01
4.4801e+01
4.5256e+01
4.5712e+01
4.6167e+01
4.6623e+01
4.7079e+01
4.7534e+01
4.7990e+01
4.8445e+01
4.8901e+01
4.9356e+01
4.9812e+01
5.0267e+01
5.0723e+01
5.1178e+01
5.1634e+01
5.2089e+01
5.2545e+01
5.3000e+01
5.3456e+01
5.3911e+01
5.4367e+01
5.4822e+01
5.5278e+01
5.5733e+01
5.6189e+01
5.6644e+01
5.7100e+01
5.7555e+01
5.8011e+01
5.8466e+01
5.8922e+01
5.9377e+01
5.9833e+01
6.0288e+01
6.0744e+01
6.1199e+01
6.1655e+01
6.2110e+01
6.2566e+01
6.3021e+01
6.3477e+01
6.3932e+01
6.4388e+01
6.4843e+01
6.5299e+01
6.5754e+01
6.6210e+01
6.6665e+01
6.7121e+01
6.7576e+01
6.8032e+01
6.8487e+01
6.8943e+01
6.9398e+01
6.9854e+01
7.0309e+01
7.0765e+01
7.1220e+01
7.1676e+01
7.2131e+01
7.2587e+01
7.3042e+01
7.3498e+01
7.3953e+01
7.4409e+01
7.4864e+01
7.5320e+01
7.5775e+01
7.6231e+01
7.6686e+01
7.7142e+01
7.7597e+01
7.8053e+01
7.8508e+01
7.8964e+01
7.9419e+01
7.9875e+01
8.0330e+01
8.0786e+01
8.1241e+01
8.1697e+01
8.2152e+01
8.2608e+01
8.3063e+01
8.3519e+01
8.3974e+01
8.4430e+01
8.4885e+01
8.5341e+01
8.5796e+01
8.6252e+01
8.6707e+01
8.7163e+01
8.7618e+01
8.8074e+01
8.8529e+01
8.8985e+01
8.9441e+01
8.9896e+01
9.0352e+01
9.0807e+01
9.1263e+01
9.1718e+01
9.2174e+01
9.2629e+01
9.3085e+01
9.3540e+01
9.3996e+01
9.4451e+01
9.4907e+01
9.5362e+01
9.5818e+01
9.6273e+01
9.6729e+01
9.7184e+01
9.7640e+01
9.8095e+01
9.8551e+01
9.9006e+01
9.9462e+01
9.9917e+01
1.0037e+02
1.0083e+02
1.0128e+02
1.0174e+02
1.0219e+02
1.0265e+02
1.0311e+02
1.0356e+02
1.0402e+02
1.0447e+02
1.0493e+02
1.0538e+02
1.0584e+02
1.0629e+02
1.0675e+02
1.0721e+02
1.0766e+02
1.0812e+02
1.0857e+02
1.0903e+02
1.0948e+02
1.0994e+02
1.1039e+02
1.1085e+02
1.1130e+02
1.1176e+02
1.1222e+02
1.1267e+02
1.1313e+02
1.1358e+02
1.1404e+02
1.1449e+02
1.1495e+02
1.1540e+02
1.1586e+02
1.1632e+02
1.1677e+02
1.1723e+02
1.1768e+02
1.1814e+02
1.1859e+02
1.1905e+02
1.1950e+02
1.1996e+02
1.2041e+02
1.2087e+02
1.2133e+02
1.2178e+02
1.2224e+02
1.2269e+02
1.2315e+02
1.2360e+02
1.2406e+02
1.2451e+02
1.2497e+02
1.2543e+02
1.2588e+02
1.2634e+02
1.2679e+02
1.2725e+02
1.2770e+02
1.2816e+02
1.2861e+02
1.2907e+02
1.2952e+02
1.2998e+02
1.3044e+02
1.3089e+02
1.3135e+02
1.3180e+02
1.3226e+02
1.3271e+02
1.3317e+02
1.3362e+02
1.3408e+02
1.3454e+02
1.3499e+02
1.3545e+02
1.3590e+02
1.3636e+02
1.3681e+02
1.3727e+02
1.3772e+02
1.3818e+02
1.3864e+02
1.3909e+02
1.3955e+02
1.4000e+02
1.4046e+02
1.4091e+02
1.4137e+02
1.4182e+02
1.4228e+02
1.4273e+02
1.4319e+02
1.4365e+02
1.4410e+02
1.4456e+02
1.4501e+02
1.4547e+02
1.4592e+02
1.4638e+02
1.4683e+02
1.4729e+02
1.4775e+02
1.4820e+02
1.4866e+02
1.4911e+02
1.4957e+02
1.5002e+02
1.5048e+02
1.5093e+02
1.5139e+02
1.5184e+02
1.5230e+02
1.5276e+02
1.5321e+02
1.5367e+02
1.5412e+02
1.5458e+02
1.5503e+02
1.5549e+02
1.5594e+02
1.5640e+02
1.5686e+02
1.5731e+02
1.5777e+02
1.5822e+02
1.5868e+02
1.5913e+02
1.5959e+02
1.6004e+02
1.6050e+02
1.6095e+02
1.6141e+02
1.6187e+02
1.6232e+02
1.6278e+02
1.6323e+02
1.6369e+02
1.6414e+02
1.6460e+02
1.6505e+02
1.6551e+02
1.6597e+02
1.6642e+02
1.6688e+02
1.6733e+02
1.6779e+02
1.6824e+02
1.6870e+02
1.6915e+02
1.6961e+02
1.7006e+02
1.7052e+02
1.7098e+02
1.7143e+02
1.7189e+02
1.7234e+02
1.7280e+02
1.7325e+02
1.7371e+02
1.7416e+02
1.7462e+02
1.7508e+02
1.7553e+02
1.7599e+02
1.7644e+02
1.7690e+02
1.7735e+02
1.7781e+02
1.7826e+02
1.7872e+02
1.7918e+02
1.7963e+02
1.8009e+02
1.8054e+02
1.8100e+02
1.8145e+02
1.8191e+02
1.8236e+02
1.8282e+02
1.8327e+02
1.8373e+02
1.8419e+02
1.8464e+02
1.8510e+02
1.8555e+02
1.8601e+02
1.8646e+02
1.8692e+02
1.8737e+02
1.8783e+02
1.8829e+02
1.8874e+02
1.8920e+02
1.8965e+02
1.9011e+02
1.9056e+02
1.9102e+02
1.9147e+02
1.9193e+02
1.9238e+02
1.9284e+02
1.9330e+02
1.9375e+02
1.9421e+02
1.9466e+02
1.9512e+02
1.9557e+02
1.9603e+02
1.9648e+02
1.9694e+02
1.9740e+02
1.9785e+02
1.9831e+02
1.9876e+02
1.9922e+02
1.9967e+02
2.0013e+02
2.0058e+02
2.0104e+02
2.0149e+02
2.0195e+02
2.0241e+02
2.0286e+02
2.0332e+02
2.0377e+02
2.0423e+02
2.0468e+02
2.0514e+02
2.0559e+02
2.0605e+02
2.0651e+02
2.0696e+02
2.0742e+02
2.0787e+02
2.0833e+02
2.0878e+02
2.0924e+02
2.0969e+02
2.1015e+02
2.1060e+02
2.1106e+02
2.1152e+02
2.1197e+02
2.1243e+02
2.1288e+02
2.1334e+02
2.1379e+02
2.1425e+02
2.1470e+02
2.1516e+02
2.1562e+02
2.1607e+02
2.1653e+02
2.1698e+02
2.1744e+02
2.1789e+02
2.1835e+02
2.1880e+02
2.1926e+02
2.1972e+02
2.2017e+02
2.2063e+02
2.2108e+02
2.2154e+02
2.2199e+02
2.2245e+02
2.2290e+02
2.2336e+02
2.2381e+02
2.2427e+02
2.2473e+02
2.2518e+02
2.2564e+02
2.2609e+02
2.2655e+02
2.2700e+02
2.2746e+02
2.2791e+02
2.2837e+02
2.2883e+02
2.2928e+02
2.2974e+02
2.3019e+02
2.3065e+02
2.3110e+02
2.3156e+02
2.3201e+02
2.3247e+02
2.3292e+02
2.3338e+02
2.3384e+02
2.3429e+02
2.3475e+02
2.3520e+02
2.3566e+02
2.3611e+02
2.3657e+02
2.3702e+02
2.3748e+02
2.3794e+02
2.3839e+02
2.3885e+02
2.3930e+02
2.3976e+02
2.4021e+02
2.4067e+02
2.4112e+02
2.4158e+02
2.4203e+02
2.4249e+02
2.4295e+02
2.4340e+02
2.4386e+02
2.4431e+02
2.4477e+02
2.4522e+02
2.4568e+02
2.4613e+02
2.4659e+02
2.4705e+02
2.4750e+02
2.4796e+02
2.4841e+02
2.4887e+02
2.4932e+02
2.4978e+02
2.5023e+02
2.5069e+02
2.5114e+02
2.5160e+02
2.5206e+02
2.5251e+02
2.5297e+02
2.5342e+02
2.5388e+02
2.5433e+02
2.5479e+02
2.5524e+02
2.5570e+02
2.5616e+02
2.5661e+02
2.5707e+02
2.5752e+02
2.5798e+02
2.5843e+02
2.5889e+02
2.5934e+02
2.5980e+02
2.6026e+02
2.6071e+02
2.6117e+02
2.6162e+02
2.6208e+02
2.6253e+02
2.6299e+02
2.6344e+02
2.6390e+02
2.6435e+02
2.6481e+02
2.6527e+02
2.6572e+02
2.6618e+02
2.6663e+02
2.6709e+02
2.6754e+02
2.6800e+02
2.6845e+02
2.6891e+02
2.6937e+02
2.6982e+02
2.7028e+02
2.7073e+02
2.7119e+02
2.7164e+02
2.7210e+02
2.7255e+02
2.7301e+02
2.7346e+02
2.7392e+02
2.7438e+02
2.7483e+02
2.7529e+02
2.7574e+02
2.7620e+02
2.7665e+02
2.7711e+02
2.7756e+02
2.7802e+02
2.7848e+02
2.7893e+02
2.7939e+02
2.7984e+02
2.8030e+02
2.8075e+02
2.8121e+02
2.8166e+02
2.8212e+02
2.8257e+02
2.8303e+02
2.8349e+02
2.8394e+02
2.8440e+02
2.8485e+02
2.8531e+02
2.8576e+02
2.8622e+02
2.8667e+02
2.8713e+02
2.8759e+02
2.8804e+02
2.8850e+02
2.8895e+02
2.8941e+02
2.8986e+02
2.9032e+02
2.9077e+02
2.9123e+02
2.9168e+02
2.9214e+02
2.9260e+02
2.9305e+02
2.9351e+02
2.9396e+02
2.9442e+02
2.9487e+02
2.9533e+02
2.9578e+02
2.9624e+02
2.9670e+02
2.9715e+02
2.9761e+02
2.9806e+02
2.9852e+02
2.9897e+02
2.9943e+02
2.9988e+02
3.0034e+02
3.0079e+02
3.0125e+02
3.0171e+02
3.0216e+02
3.0262e+02
3.0307e+02
3.0353e+02
3.0398e+02
3.0444e+02
3.0489e+02
3.0535e+02
3.0581e+02
3.0626e+02
3.0672e+02
3.0717e+02
3.0763e+02
3.0808e+02
3.0854e+02
3.0899e+02
3.0945e+02
3.0991e+02
3.1036e+02
3.1082e+02
3.1127e+02
3.1173e+02
3.1218e+02
3.1264e+02
3.1309e+02
3.1355e+02
3.1400e+02
3.1446e+02
3.1492e+02
3.1537e+02
3.1583e+02
3.1628e+02
3.1674e+02
3.1719e+02
3.1765e+02
3.1810e+02
3.1856e+02
3.1902e+02
3.1947e+02
3.1993e+02
3.2038e+02
3.2084e+02
3.2129e+02
3.2175e+02
3.2220e+02
3.2266e+02
3.2311e+02
3.2357e+02
3.2403e+02
3.2448e+02
3.2494e+02
3.2539e+02
3.2585e+02
3.2630e+02
3.2676e+02
3.2721e+02
3.2767e+02
3.2813e+02
3.2858e+02
3.2904e+02
3.2949e+02
3.2995e+02
3.3040e+02
3.3086e+02
3.3131e+02
3.3177e+02
3.3222e+02
3.3268e+02
3.3314e+02
3.3359e+02
3.3405e+02
3.3450e+02
3.3496e+02
3.3541e+02
3.3587e+02
3.3632e+02
3.3678e+02
3.3724e+02
3.3769e+02
3.3815e+02
3.3860e+02
3.3906e+02
3.3951e+02
3.3997e+02
3.4042e+02
3.4088e+02
3.4133e+02
3.4179e+02
3.4225e+02
3.4270e+02
3.4316e+02
3.4361e+02
3.4407e+02
3.4452e+02
3.4498e+02
3.4543e+02
3.4589e+02
3.4635e+02
3.4680e+02
3.4726e+02
3.4771e+02
3.4817e+02
3.4862e+02
3.4908e+02
3.4953e+02
3.4999e+02
3.5045e+02
3.5090e+02
3.5136e+02
3.5181e+02
3.5227e+02
3.5272e+02
3.5318e+02
3.5363e+02
3.5409e+02
3.5454e+02
3.5500e+02
3.5546e+02
3.5591e+02
3.5637e+02
3.5682e+02
3.5728e+02
3.5773e+02
3.5819e+02
3.5864e+02
3.5910e+02
3.5956e+02
3.6001e+02
3.6047e+02
3.6092e+02
3.6138e+02
3.6183e+02
3.6229e+02
3.6274e+02
3.6320e+02
3.6365e+02
3.6411e+02
3.6457e+02
3.6502e+02
3.6548e+02
3.6593e+02
3.6639e+02
3.6684e+02
3.6730e+02
3.6775e+02
3.6821e+02
3.6867e+02
3.6912e+02
3.6958e+02
3.7003e+02
3.7049e+02
3.7094e+02
3.7140e+02
3.7185e+02
3.7231e+02
3.7276e+02
3.7322e+02
3.7368e+02
3.7413e+02
3.7459e+02
3.7504e+02
3.7550e+02
3.7595e+02
3.7641e+02
3.7686e+02
3.7732e+02
3.7778e+02
3.7823e+02
3.7869e+02
3.7914e+02
3.7960e+02
3.8005e+02
3.8051e+02
3.8096e+02
3.8142e+02
3.8187e+02
3.8233e+02
3.8279e+02
3.8324e+02
3.8370e+02
3.8415e+02
3.8461e+02
3.8506e+02
3.8552e+02
3.8597e+02
3.8643e+02
3.8689e+02
3.8734e+02
3.8780e+02
3.8825e+02
3.8871e+02
3.8916e+02
3.8962e+02
3.9007e+02
3.9053e+02
3.9099e+02
3.9144e+02
3.9190e+02
3.9235e+02
3.9281e+02
3.9326e+02
3.9372e+02
3.9417e+02
3.9463e+02
3.9508e+02
3.9554e+02
3.9600e+02
3.9645e+02
3.9691e+02
3.9736e+02
3.9782e+02
3.9827e+02
3.9873e+02
3.9918e+02
3.9964e+02
4.0010e+02
4.0055e+02
4.0101e+02
4.0146e+02
4.0192e+02
4.0237e+02
4.0283e+02
4.0328e+02
4.0374e+02
4.0419e+02
4.0465e+02
4.0511e+02
4.0556e+02
4.0602e+02
4.0647e+02
4.0693e+02
4.0738e+02
4.0784e+02
4.0829e+02
4.0875e+02
4.0921e+02
4.0966e+02
4.1012e+02
4.1057e+02
4.1103e+02
4.1148e+02
4.1194e+02
4.1239e+02
4.1285e+02
4.1330e+02
4.1376e+02
4.1422e+02
4.1467e+02
4.1513e+02
4.1558e+02
4.1604e+02
4.1649e+02
4.1695e+02
4.1740e+02
4.1786e+02
4.1832e+02
4.1877e+02
4.1923e+02
4.1968e+02
4.2014e+02
4.2059e+02
4.2105e+02
4.2150e+02
4.2196e+02
4.2241e+02
4.2287e+02
4.2333e+02
4.2378e+02
4.2424e+02
4.2469e+02
4.2515e+02
4.2560e+02
4.2606e+02
4.2651e+02
4.2697e+02
4.2743e+02
4.2788e+02
4.2834e+02
4.2879e+02
4.2925e+02
4.2970e+02
4.3016e+02
4.3061e+02
4.3107e+02
4.3153e+02
4.3198e+02
4.3244e+02
4.3289e+02
4.3335e+02
4.3380e+02
4.3426e+02
4.3471e+02
4.3517e+02
4.3562e+02
4.3608e+02
4.3654e+02
4.3699e+02
4.3745e+02
4.3790e+02
4.3836e+02
4.3881e+02
4.3927e+02
4.3972e+02
4.4018e+02
4.4064e+02
4.4109e+02
4.4155e+02
4.4200e+02
4.4246e+02
4.4291e+02
4.4337e+02
4.4382e+02
4.4428e+02
4.4473e+02
4.4519e+02
4.4565e+02
4.4610e+02
4.4656e+02
4.4701e+02
4.4747e+02
4.4792e+02
4.4838e+02
4.4883e+02
4.4929e+02
4.4975e+02
4.5020e+02
4.5066e+02
4.5111e+02
4.5157e+02
4.5202e+02
4.5248e+02
4.5293e+02
4.5339e+02
4.5384e+02
4.5430e+02
4.5476e+02
4.5521e+02
4.5567e+02
4.5612e+02
4.5658e+02
4.5703e+02
4.5749e+02
4.5794e+02
4.5840e+02
4.5886e+02
4.5931e+02
4.5977e+02
4.6022e+02
4.6068e+02
4.6113e+02
4.6159e+02
4.6204e+02
4.6250e+02
4.6295e+02
4.6341e+02
4.6387e+02
4.6432e+02
4.6478e+02
4.6523e+02
4.6569e+02
4.6614e+02
4.6660e+02
4.6705e+02
4.6751e+02
4.6797e+02
4.6842e+02
4.6888e+02
4.6933e+02
4.6979e+02
4.7024e+02
4.7070e+02
4.7115e+02
