4.3420e+00
4.3420e+00
4.8381e+00
5.3341e+00
5.8302e+00
6.3263e+00
6.8224e+00
7.3184e+00
7.8145e+00
8.3106e+00
8.8067e+00
9.3027e+00
9.7988e+00
1.0295e+01
1.0791e+01
1.1287e+01
1.1783e+01
1.2279e+01
1.2775e+01
1.3271e+01
1.3767e+01
1.4263e+01
1.4760e+01
1.5256e+01
1.5752e+01
1.6248e+01
1.6744e+01
1.7240e+01
1.7736e+01
1.8232e+01
1.8728e+01
1.9224e+01
1.9720e+01
2.0216e+01
2.0712e+01
2.1209e+01
2.1705e+01
2.2201e+01
2.2697e+01
2.3193e+01
2.3689e+01
2.4185e+01
2.4681e+01
2.5177e+01
2.5673e+01
2.6169e+01
2.6665e+01
2.7161e+01
2.7658e+01
2.8154e+01
2.8650e+01
2.9146e+01
2.9642e+01
3.0138e+01
3.0634e+01
3.1130e+01
3.1626e+01
3.2122e+01
3.2618e+01
3.3114e+01
3.3610e+01
3.4106e+01
3.4603e+01
3.5099e+01
3.5595e+01
3.6091e+01
3.6587e+01
3.7083e+01
3.7579e+01
3.8075e+01
3.8571e+01
3.9067e+01
3.9563e+01
4.0059e+01
4.0555e+01
4.1052e+01
4.1548e+01
4.2044e+01
4.2540e+01
4.3036e+01
4.3532e+01
4.4028e+01
4.4524e+01
4.5020e+01
4.5516e+01
4.6012e+01
4.6508e+01
4.7004e+01
4.7500e+01
4.7997e+01
4.8493e+01
4.8989e+01
4.9485e+01
4.9981e+01
5.0477e+01
5.0973e+01
5.1469e+01
5.1965e+01
5.2461e+01
5.2957e+01
5.3453e+01
5.3949e+01
5.4446e+01
5.4942e+01
5.5438e+01
5.5934e+01
5.6430e+01
5.6926e+01
5.7422e+01
5.7918e+01
5.8414e+01
5.8910e+01
5.9406e+01
5.9902e+01
6.0398e+01
6.0895e+01
6.1391e+01
6.1887e+01
6.2383e+01
6.2879e+01
6.3375e+01
6.3871e+01
6.4367e+01
6.4863e+01
6.5359e+01
6.5855e+01
6.6351e+01
6.6847e+01
6.7343e+01
6.7840e+01
6.8336e+01
6.8832e+01
6.9328e+01
6.9824e+01
7.0320e+01
7.0816e+01
7.1312e+01
7.1808e+01
7.2304e+01
7.2800e+01
7.3296e+01
7.3792e+01
7.4289e+01
7.4785e+01
7.5281e+01
7.5777e+01
7.6273e+01
7.6769e+01
7.7265e+01
7.7761e+01
7.8257e+01
7.8753e+01
7.9249e+01
7.9745e+01
8.0241e+01
8.0737e+01
8.1234e+01
8.1730e+01
8.2226e+01
8.2722e+01
8.3218e+01
8.3714e+01
8.4210e+01
8.4706e+01
8.5202e+01
8.5698e+01
8.6194e+01
8.6690e+01
8.7186e+01
8.7683e+01
8.8179e+01
8.8675e+01
8.9171e+01
8.9667e+01
9.0163e+01
9.0659e+01
9.1155e+01
9.1651e+01
9.2147e+01
9.2643e+01
9.3139e+01
9.3635e+01
9.4132e+01
9.4628e+01
9.5124e+01
9.5620e+01
9.6116e+01
9.6612e+01
9.7108e+01
9.7604e+01
9.8100e+01
9.8596e+01
9.9092e+01
9.9588e+01
1.0008e+02
1.0058e+02
1.0108e+02
1.0157e+02
1.0207e+02
1.0256e+02
1.0306e+02
1.0356e+02
1.0405e+02
1.0455e+02
1.0505e+02
1.0554e+02
1.0604e+02
1.0653e+02
1.0703e+02
1.0753e+02
1.0802e+02
1.0852e+02
1.0901e+02
1.0951e+02
1.1001e+02
1.1050e+02
1.1100e+02
1.1149e+02
1.1199e+02
1.1249e+02
1.1298e+02
1.1348e+02
1.1397e+02
1.1447e+02
1.1497e+02
1.1546e+02
1.1596e+02
1.1645e+02
1.1695e+02
1.1745e+02
1.1794e+02
1.1844e+02
1.1894e+02
1.1943e+02
1.1993e+02
1.2042e+02
1.2092e+02
1.2142e+02
1.2191e+02
1.2241e+02
1.2290e+02
1.2340e+02
1.2390e+02
1.2439e+02
1.2489e+02
1.2538e+02
1.2588e+02
1.2638e+02
1.2687e+02
1.2737e+02
1.2786e+02
1.2836e+02
1.2886e+02
1.2935e+02
1.2985e+02
1.3034e+02
1.3084e+02
1.3134e+02
1.3183e+02
1.3233e+02
1.3283e+02
1.3332e+02
1.3382e+02
1.3431e+02
1.3481e+02
1.3531e+02
1.3580e+02
1.3630e+02
1.3679e+02
1.3729e+02
1.3779e+02
1.3828e+02
1.3878e+02
1.3927e+02
1.3977e+02
1.4027e+02
1.4076e+02
1.4126e+02
1.4175e+02
1.4225e+02
1.4275e+02
1.4324e+02
1.4374e+02
1.4424e+02
1.4473e+02
1.4523e+02
1.4572e+02
1.4622e+02
1.4672e+02
1.4721e+02
1.4771e+02
1.4820e+02
1.4870e+02
1.4920e+02
1.4969e+02
1.5019e+02
1.5068e+02
1.5118e+02
1.5168e+02
1.5217e+02
1.5267e+02
1.5316e+02
1.5366e+02
1.5416e+02
1.5465e+02
1.5515e+02
1.5564e+02
1.5614e+02
1.5664e+02
1.5713e+02
1.5763e+02
1.5813e+02
1.5862e+02
1.5912e+02
1.5961e+02
1.6011e+02
1.6061e+02
1.6110e+02
1.6160e+02
1.6209e+02
1.6259e+02
1.6309e+02
1.6358e+02
1.6408e+02
1.6457e+02
1.6507e+02
1.6557e+02
1.6606e+02
1.6656e+02
1.6705e+02
1.6755e+02
1.6805e+02
1.6854e+02
1.6904e+02
1.6953e+02
1.7003e+02
1.7053e+02
1.7102e+02
1.7152e+02
1.7202e+02
1.7251e+02
1.7301e+02
1.7350e+02
1.7400e+02
1.7450e+02
1.7499e+02
1.7549e+02
1.7598e+02
1.7648e+02
1.7698e+02
1.7747e+02
1.7797e+02
1.7846e+02
1.7896e+02
1.7946e+02
1.7995e+02
1.8045e+02
1.8094e+02
1.8144e+02
1.8194e+02
1.8243e+02
1.8293e+02
1.8342e+02
1.8392e+02
1.8442e+02
1.8491e+02
1.8541e+02
1.8591e+02
1.8640e+02
1.8690e+02
1.8739e+02
1.8789e+02
1.8839e+02
1.8888e+02
1.8938e+02
1.8987e+02
1.9037e+02
1.9087e+02
1.9136e+02
1.9186e+02
1.9235e+02
1.9285e+02
1.9335e+02
1.9384e+02
1.9434e+02
1.9483e+02
1.9533e+02
1.9583e+02
1.9632e+02
1.9682e+02
1.9732e+02
1.9781e+02
1.9831e+02
1.9880e+02
1.9930e+02
1.9980e+02
2.0029e+02
2.0079e+02
2.0128e+02
2.0178e+02
2.0228e+02
2.0277e+02
2.0327e+02
2.0376e+02
2.0426e+02
2.0476e+02
2.0525e+02
2.0575e+02
2.0624e+02
2.0674e+02
2.0724e+02
2.0773e+02
2.0823e+02
2.0872e+02
2.0922e+02
2.0972e+02
2.1021e+02
2.1071e+02
2.1121e+02
2.1170e+02
2.1220e+02
2.1269e+02
2.1319e+02
2.1369e+02
2.1418e+02
2.1468e+02
2.1517e+02
2.1567e+02
2.1617e+02
2.1666e+02
2.1716e+02
2.1765e+02
2.1815e+02
2.1865e+02
2.1914e+02
2.1964e+02
2.2013e+02
2.2063e+02
2.2113e+02
2.2162e+02
2.2212e+02
2.2261e+02
2.2311e+02
2.2361e+02
2.2410e+02
2.2460e+02
2.2510e+02
2.2559e+02
2.2609e+02
2.2658e+02
2.2708e+02
2.2758e+02
2.2807e+02
2.2857e+02
2.2906e+02
2.2956e+02
2.3006e+02
2.3055e+02
2.3105e+02
2.3154e+02
2.3204e+02
2.3254e+02
2.3303e+02
2.3353e+02
2.3402e+02
2.3452e+02
2.3502e+02
2.3551e+02
2.3601e+02
2.3650e+02
2.3700e+02
2.3750e+02
2.3799e+02
2.3849e+02
2.3899e+02
2.3948e+02
2.3998e+02
2.4047e+02
2.4097e+02
2.4147e+02
2.4196e+02
2.4246e+02
2.4295e+02
2.4345e+02
2.4395e+02
2.4444e+02
2.4494e+02
2.4543e+02
2.4593e+02
2.4643e+02
2.4692e+02
2.4742e+02
2.4791e+02
2.4841e+02
2.4891e+02
2.4940e+02
2.4990e+02
2.5039e+02
2.5089e+02
2.5139e+02
2.5188e+02
2.5238e+02
2.5288e+02
2.5337e+02
2.5387e+02
2.5436e+02
2.5486e+02
2.5536e+02
2.5585e+02
2.5635e+02
2.5684e+02
2.5734e+02
2.5784e+02
2.5833e+02
2.5883e+02
2.5932e+02
2.5982e+02
2.6032e+02
2.6081e+02
2.6131e+02
2.6180e+02
2.6230e+02
2.6280e+02
2.6329e+02
2.6379e+02
2.6429e+02
2.6478e+02
2.6528e+02
2.6577e+02
2.6627e+02
2.6677e+02
2.6726e+02
2.6776e+02
2.6825e+02
2.6875e+02
2.6925e+02
2.6974e+02
2.7024e+02
2.7073e+02
2.7123e+02
2.7173e+02
2.7222e+02
2.7272e+02
2.7321e+02
2.7371e+02
2.7421e+02
2.7470e+02
2.7520e+02
2.7569e+02
2.7619e+02
2.7669e+02
2.7718e+02
2.7768e+02
2.7818e+02
2.7867e+02
2.7917e+02
2.7966e+02
2.8016e+02
2.8066e+02
2.8115e+02
2.8165e+02
2.8214e+02
2.8264e+02
2.8314e+02
2.8363e+02
2.8413e+02
2.8462e+02
2.8512e+02
2.8562e+02
2.8611e+02
2.8661e+02
2.8710e+02
2.8760e+02
2.8810e+02
2.8859e+02
2.8909e+02
2.8958e+02
2.9008e+02
2.9058e+02
2.9107e+02
2.9157e+02
2.9207e+02
2.9256e+02
2.9306e+02
2.9355e+02
2.9405e+02
2.9455e+02
2.9504e+02
2.9554e+02
2.9603e+02
2.9653e+02
2.9703e+02
2.9752e+02
2.9802e+02
2.9851e+02
2.9901e+02
2.9951e+02
3.0000e+02
3.0050e+02
3.0099e+02
3.0149e+02
3.0199e+02
3.0248e+02
3.0298e+02
3.0347e+02
3.0397e+02
3.0447e+02
3.0496e+02
3.0546e+02
3.0596e+02
3.0645e+02
3.0695e+02
3.0744e+02
3.0794e+02
3.0844e+02
3.0893e+02
3.0943e+02
3.0992e+02
3.1042e+02
3.1092e+02
3.1141e+02
3.1191e+02
3.1240e+02
3.1290e+02
3.1340e+02
3.1389e+02
3.1439e+02
3.1488e+02
3.1538e+02
3.1588e+02
3.1637e+02
3.1687e+02
3.1737e+02
3.1786e+02
3.1836e+02
3.1885e+02
3.1935e+02
3.1985e+02
3.2034e+02
3.2084e+02
3.2133e+02
3.2183e+02
3.2233e+02
3.2282e+02
3.2332e+02
3.2381e+02
3.2431e+02
3.2481e+02
3.2530e+02
3.2580e+02
3.2629e+02
3.2679e+02
3.2729e+02
3.2778e+02
3.2828e+02
3.2877e+02
3.2927e+02
3.2977e+02
3.3026e+02
3.3076e+02
3.3126e+02
3.3175e+02
3.3225e+02
3.3274e+02
3.3324e+02
3.3374e+02
3.3423e+02
3.3473e+02
3.3522e+02
3.3572e+02
3.3622e+02
3.3671e+02
3.3721e+02
3.3770e+02
3.3820e+02
3.3870e+02
3.3919e+02
3.3969e+02
3.4018e+02
3.4068e+02
3.4118e+02
3.4167e+02
3.4217e+02
3.4266e+02
3.4316e+02
3.4366e+02
3.4415e+02
3.4465e+02
3.4515e+02
3.4564e+02
3.4614e+02
3.4663e+02
3.4713e+02
3.4763e+02
3.4812e+02
3.4862e+02
3.4911e+02
3.4961e+02
3.5011e+02
3.5060e+02
3.5110e+02
3.5159e+02
3.5209e+02
3.5259e+02
3.5308e+02
3.5358e+02
3.5407e+02
3.5457e+02
3.5507e+02
3.5556e+02
3.5606e+02
3.5655e+02
3.5705e+02
3.5755e+02
3.5804e+02
3.5854e+02
3.5904e+02
3.5953e+02
3.6003e+02
3.6052e+02
3.6102e+02
3.6152e+02
3.6201e+02
3.6251e+02
3.6300e+02
3.6350e+02
3.6400e+02
3.6449e+02
3.6499e+02
3.6548e+02
3.6598e+02
3.6648e+02
3.6697e+02
3.6747e+02
3.6796e+02
3.6846e+02
3.6896e+02
3.6945e+02
3.6995e+02
3.7045e+02
3.7094e+02
3.7144e+02
3.7193e+02
3.7243e+02
3.7293e+02
3.7342e+02
3.7392e+02
3.7441e+02
3.7491e+02
3.7541e+02
3.7590e+02
3.7640e+02
3.7689e+02
3.7739e+02
3.7789e+02
3.7838e+02
3.7888e+02
3.7937e+02
3.7987e+02
3.8037e+02
3.8086e+02
3.8136e+02
3.8185e+02
3.8235e+02
3.8285e+02
3.8334e+02
3.8384e+02
3.8434e+02
3.8483e+02
3.8533e+02
3.8582e+02
3.8632e+02
3.8682e+02
3.8731e+02
3.8781e+02
3.8830e+02
3.8880e+02
3.8930e+02
3.8979e+02
3.9029e+02
3.9078e+02
3.9128e+02
3.9178e+02
3.9227e+02
3.9277e+02
3.9326e+02
3.9376e+02
3.9426e+02
3.9475e+02
3.9525e+02
3.9574e+02
3.9624e+02
3.9674e+02
3.9723e+02
3.9773e+02
3.9823e+02
3.9872e+02
3.9922e+02
3.9971e+02
4.0021e+02
4.0071e+02
4.0120e+02
4.0170e+02
4.0219e+02
4.0269e+02
4.0319e+02
4.0368e+02
4.0418e+02
4.0467e+02
4.0517e+02
4.0567e+02
4.0616e+02
4.0666e+02
4.0715e+02
4.0765e+02
4.0815e+02
4.0864e+02
4.0914e+02
4.0963e+02
4.1013e+02
4.1063e+02
4.1112e+02
4.1162e+02
4.1212e+02
4.1261e+02
4.1311e+02
4.1360e+02
4.1410e+02
4.1460e+02
4.1509e+02
4.1559e+02
4.1608e+02
4.1658e+02
4.1708e+02
4.1757e+02
4.1807e+02
4.1856e+02
4.1906e+02
4.1956e+02
4.2005e+02
4.2055e+02
4.2104e+02
4.2154e+02
4.2204e+02
4.2253e+02
4.2303e+02
4.2353e+02
4.2402e+02
4.2452e+02
4.2501e+02
4.2551e+02
4.2601e+02
4.2650e+02
4.2700e+02
4.2749e+02
4.2799e+02
4.2849e+02
4.2898e+02
